0.8504514674848189, -0.009646941216042435, -0.030176192328945545, -0.002570637613444807, -0.15394271582686964, -0.04136966671815811, 0.01996867710507953, 0.03395078916285203, 0.016435333093932927, -0.08098030465071399, -0.021784089430917714, -0.0313085605469613, 0.06688687279527464, -0.030376870912530104, -0.11966682110040838, 0.006151851835689835, 0.03030050142037716, -0.029808747002890292, 0.04906688430371669, 0.056707918215568656, -0.004033105042186828, -0.0696668409661657, 0.01078482521701096, 0.03649250739865636, -0.0239855768098057, -0.003700201127126711, 0.024469257000887926, -0.07478922799908135, 0.0013551807157708429, 0.09138233821942002, -0.0027032419629701185, -0.018720008187608148, 0.07892497744721266, -0.029560987865607076, -0.07564373588615426, 0.015553835336208167, 0.06004358391423668, -0.018393174425326564, 0.020171443791604012, 0.029141079166851047, -0.020294941736598012, -0.008916685284133304, -0.01970722946351965, 0.11752480037171821, -0.00236317265919868, -0.007257931949918181, -0.005471603226368496, -0.1927340484846441, 0.010143778066010418, 0.14010632879202362
-0.009646941216042435, 0.7945551108164229, -0.005513157695566795, -0.004150492420111829, 0.006390305644562623, -0.007560738007128984, -0.10525484651512831, 0.0016930630111737616, -0.09634600261234244, 0.0033742358463913964, -0.0034051043863096084, 0.02267739087361141, -0.003280168970149617, 0.0014764091011890597, 0.03390337469225244, -0.03466786119788788, 0.023733918640877195, 0.005832553371896506, 0.006541217941916537, -6.674949574171409E-6, -0.09352534066311742, -0.0013251287731148498, -0.006924344081153214, -0.007455615860839221, 0.012679682927635536, 0.06932127033872759, 0.05460663025703857, 0.019947200622985446, -0.03181962413064759, -0.004499041929376489, 0.03694453861184946, -0.0129411096716033, 0.008159781142024284, 0.006776133006839641, 0.009956461222584048, -0.09818769213905483, -0.00885110321365668, 0.0453048344154051, -0.011577669275799743, 0.0549581536393739, 0.007700291603831021, 0.003116297395291971, -0.019271151017109623, -0.001284495838181075, -0.06582656177092644, 0.038345943943923266, -0.006009886712029883, -0.006281455845424844, -0.040435205778915684, -0.014690941460487328
-0.030176192328945545, -0.005513157695566795, 0.8218915305878007, 0.0017608418573372008, 0.021050678418658358, -0.0012370416807448881, -0.008290719573205865, -0.018588959277575742, -0.023803894925218692, 0.01906465118836141, 0.004449475569916281, -0.001853509157322703, -0.02271653849683172, 0.025455473872650177, 0.053746195942631046, -0.10558842930267721, -0.01158393895028631, 0.0013523143106140348, -0.018253645166187302, -0.005200175046260703, 0.015517416603530303, 0.013834544423368211, 0.006938465245320776, -0.019674172336175598, 0.009036951197439202, 5.759376379464455E-4, -0.025675734415631042, 0.01857506337786883, -0.0017513010762058305, -0.025364236855691457, 6.478227026310536E-4, -3.71285948156398E-4, -0.014141878122117438, 0.02196765177552061, 0.11942774318731274, 0.0015420776026931653, -0.0662781667588585, -0.010182231639870943, -0.011529034760003927, -0.2455513198861369, 0.036016716128661926, 0.0030257174353177877, 0.03119361855602533, -0.03023375275047767, 0.04559356615094943, -0.05448288140716682, 0.05426027332915538, 0.0699473820358819, 0.029185547601740483, -0.026088437148598174
-0.0025706376134448064, -0.00415049242011183, 0.0017608418573372012, 0.8261511907114668, -0.008707505943649163, 0.0341875490318086, 0.02045348549042889, -0.01039885961438362, 0.006134869140038489, -0.13683689191709605, -0.002201372295937365, -0.01456429725790436, -0.0011034526285508713, 0.01286276876228594, -0.017313465982594, 0.01510790655081563, -0.1064574219505986, 0.009764583251706725, -0.011186378719771928, -0.024909484698241575, -0.019404276646396847, 0.010602973432954148, 0.048202769595845726, -0.01621647482756053, 0.02840209500195405, -0.00783990959976871, -8.786881960832074E-5, -0.004309873750855286, -0.048844397081688855, -0.004124636783267237, -0.00855098666474042, 0.026079999752437015, 0.022620698973811044, 0.011292646201721756, 0.008596670266674676, 0.020499444477050148, 0.03508540501642938, 0.03764973241662283, -0.007493699045769533, -0.026204141549551658, 0.025649912853743826, 0.00635377698637886, -0.018665310226962877, -0.16215030088258514, -0.0026978908652695983, 0.007297015357098178, -0.06266342279920405, 0.059106470005689464, -0.0036496694731524243, -0.029596820946963264
-0.15394271582686964, 0.006390305644562623, 0.021050678418658358, -0.008707505943649165, 0.8023800846001609, 0.00160724344253623, -0.012075857239952425, -0.0017056343997546082, -0.008989389166986682, 0.020657786962754273, 1.2804696600498966E-4, 0.00686402410604397, -0.04600277356403622, -8.85030021033571E-5, 0.04669622143045408, -0.024665238268990284, 0.0176717360716068, 0.00767408143305647, -0.016733275922549456, -0.013537592786161994, -0.006881747293491587, 0.012060627852784141, -0.008797936741354028, -0.008466336220661617, 0.004969251103911897, 0.005720905015161072, -0.007451115588719265, 0.023253648392906914, -0.012312674878272188, -0.09047001880723522, -0.003179295531568288, 0.006699898726533411, -0.016201390054032552, 0.03009060242142793, 0.02754349934210186, -0.024696225052218263, -0.029741998597673697, 0.00846208748108553, -0.012267804061911131, -0.026927161841809696, 0.010158920590708784, 0.0015741629198903792, 0.008491367331045706, -0.016928876887805703, 0.0063685539833574795, 0.004214774487067865, 0.005471282632520617, 0.04816875190946294, -0.00636117615471092, -0.03093158379390668
-0.04136966671815811, -0.007560738007128984, -0.0012370416807448881, 0.0341875490318086, 0.00160724344253623, 1.0000000000000009, 2.0345760586544808E-4, -0.021706120839658193, -0.0046730408045020854, 0.0057602259845770075, 0.003192546556172427, -0.015942873870737367, 0.02092198596217501, 0.05543090984926402, -0.01131229598386635, 0.03958611524696405, -0.026184388964042175, -0.006384773559408909, -0.016194527971305786, -0.01570005739681341, -1.7288146853154895E-5, 0.011942417609145899, 0.0402257252046926, -0.005472281682139932, -0.004255718551778096, -0.009414826025050345, 0.023501504513477614, 0.0366349829484372, 0.020197483066358005, -0.005027869221309283, 0.013287761944236896, 0.012484039863224673, -0.008684574388812458, 0.012409551274612076, 0.005136798176217042, 0.01994367422837154, -0.00851026302075499, -0.05187921467796029, -0.007729257680344696, -0.014405318811562609, 0.017575317034536717, 0.0019205492735921111, 0.014524881805838809, -0.15620109144067287, 0.021353098208018402, -0.006630284108863121, -0.00457737239655586, 0.06855631423709527, 0.020641869816020883, -0.1342454205898091
0.01996867710507953, -0.10525484651512831, -0.008290719573205865, 0.02045348549042889, -0.012075857239952425, 2.0345760586544808E-4, 1.0000000000000009, 0.028810741490562286, 0.04028325979483441, -0.02381401243339962, -0.012990170744724683, -0.1175056379256777, 0.0216670734469445, -0.007289646064190133, -0.01906412593363096, 0.06344040418127987, -0.011290861283284496, 0.0148075579477539, 0.011008835131020769, 0.006702172872937261, 0.018625733889839777, -0.024822741188678214, 0.009098817878432823, 6.290173820228402E-4, -0.004185034445782, -0.01114559616459344, -0.07953670129361191, -0.1364889509457231, -0.04130418936308645, 0.01854753533484337, -0.18512961254545418, 0.0042395521040194855, 0.04653927641027083, -9.823338223623709E-4, -0.03200768817634123, 0.011850053584257825, 0.02610978712002542, 0.030249889690667643, -0.0025314075495519984, -0.036829905697733596, 0.03231970056498708, 0.015546307888781767, 0.010652550118867508, 0.0020052189361963353, 0.04457937210699709, -0.018743190763630815, 0.012347051652238681, -0.017749994032001983, 0.026631710178699728, 0.041888705665418795
0.03395078916285203, 0.0016930630111737616, -0.018588959277575742, -0.01039885961438362, -0.0017056343997546082, -0.021706120839658193, 0.028810741490562286, 1.0000000000000009, 0.027165379163999703, -0.017633618411871336, -0.004225631863629965, -0.01350935321533839, 0.027646954225018144, -0.03857490094790549, -0.004022275845863871, 0.0065717311782732026, 0.08675122571254443, -0.054243503585679614, -0.045428847095412665, 0.029423537356924396, -0.012703358959656078, -0.16841531984152266, -0.01721648985270425, 0.013005020428932562, -0.0012359133180663774, -0.012182505914884213, 0.01767461615857019, -0.006901867435106939, -0.0420691163562224, 0.011470688847803681, -0.015606247243821406, 0.005960098690887212, 0.039749535122030576, -0.02651779294928717, -0.03236387283364931, -0.012192316008377222, 0.016726854636197948, 0.03230773997350687, -0.03801031806957116, 0.03857888601002142, 0.04102185162694269, -0.00635936936367995, -0.039347353927987945, 0.044832809670590855, -0.0315217578202401, 0.018203757960853627, -0.007517398298677032, -0.1268342328791276, 0.001652583116952227, 0.03530185504986748
0.016435333093932927, -0.09634600261234244, -0.023803894925218692, 0.006134869140038489, -0.008989389166986682, -0.0046730408045020854, 0.04028325979483441, 0.027165379163999703, 1.0000000000000009, -0.013710500958520163, -0.011391431108068268, -0.01939803861430299, 0.04180437402903998, -0.0022392329071685307, -0.1674774721541546, 0.07095113437891162, 0.01041878641588424, -0.03318438310382994, 0.002929495480533184, 0.009281113594049463, 0.012485440898952331, -0.019258438264874993, -0.009411598161773243, 0.013441717089156912, 0.0023389369487238766, -0.11460422884553667, 0.005764637356777155, -0.02709684366541201, -0.0388113895601267, 0.013368039040646285, -0.13972515206646427, 0.015908156700544508, 0.03488290586293873, -0.003507356930237115, -0.02561927327485085, 0.042953828993449926, 0.03142682200964788, 0.031802613840517066, 0.0014966663967158876, 0.0026451805586083796, -0.012772813911143047, -0.01556759287078896, -0.0403974540563154, 0.019567364931154414, -0.005366022753101243, 0.009687272541593349, -0.012502700272205115, -0.032772481712194754, 0.013581318620491922, 0.0179754265645149
-0.08098030465071399, 0.0033742358463913964, 0.01906465118836141, -0.13683689191709605, 0.020657786962754273, 0.0057602259845770075, -0.02381401243339962, -0.017633618411871336, -0.013710500958520163, 1.0000000000000009, 0.016342545000423286, 0.03971277809722858, -0.03978361715428152, 0.02498004362354744, 0.042613384210405156, -0.008584164333012755, -0.002124919185926928, 0.04354710102896601, -0.027566086788515295, -0.13600385950149968, 0.019094592767114085, 0.027367523313811568, -0.023345810924336078, -0.019126858687645555, 0.0035103830123242854, 0.006055303752201297, -0.017276931132531263, 0.031131766719363213, 0.020391167855559212, -0.03606436994530221, 0.015660029858760156, -0.03091833416389248, -0.06975740115362579, 0.004008524573585299, 0.06512300083455304, -0.003939766360643197, -0.2452930217582073, -0.013955460321088731, -0.0011646083323489501, 0.008414891815669576, 0.0065841579826486606, -8.200786724035307E-4, 0.029843980227153347, -0.027542695021822005, 0.004392971614474628, 0.03299341324482299, 0.050653612338847534, 0.0722121965252953, -0.008669443981393006, -0.04246235043411293
-0.021784089430917714, -0.0034051043863096084, 0.004449475569916281, -0.002201372295937365, 1.2804696600498966E-4, 0.003192546556172427, -0.012990170744724683, -0.004225631863629965, -0.011391431108068268, 0.016342545000423286, 1.0000000000000009, 0.03289303717341977, -0.029542781260100612, -0.02360856795656928, 9.326650459057631E-4, -2.976845969187734E-5, -0.016073202601793908, 0.03387015705798215, -0.0283451614273458, -0.02803483874791659, -0.006926730261653721, 0.02149899622851168, -0.0294163601912474, -0.016475810430024263, 0.029500343612320366, 0.01071183553185731, -0.010821971557999412, 0.03143390158988413, 0.0024068693501968115, 0.006748432543825942, 0.005268150462353083, -0.015776452771368698, -0.15736831307407076, 0.06848843878963397, 0.02290035622307563, -8.813221039726807E-7, -0.0041351199322450715, 0.002519334639764329, -7.267746538126275E-5, 0.006822021509006852, 0.006546018748998349, 0.028221594500763128, 7.770688175840032E-4, -0.014004117393341885, -0.002009972109063362, 0.00475650172229862, 0.0034097685785707825, 0.05809344891884257, -0.011370619906245305, -0.041860938703123074
-0.0313085605469613, 0.02267739087361141, -0.001853509157322703, -0.01456429725790436, 0.00686402410604397, -0.015942873870737367, -0.1175056379256777, -0.01350935321533839, -0.01939803861430299, 0.03971277809722858, 0.03289303717341977, 1.0000000000000009, -0.05171715467675207, -0.00811149268774101, 0.01688135954393604, -0.028330552748612244, -0.001118365086632326, 0.04201802460351444, -0.013654235765968878, -0.0216185349496399, -0.021910438512017842, 0.009891272108571937, -0.08142519768484191, -0.01193420778949938, -0.0011882008333020167, 0.02096627970332225, 0.00694922275268413, 0.02755702708232897, 0.03147959457271435, -0.02065172812061902, 0.06730257844596013, -0.013696484196096776, -0.23233129234509559, 3.3879271291646705E-4, 0.03176064724378054, -0.017171654055932763, -0.032305316977784104, 0.027732571890720283, 0.004466410471964923, 0.08953131665821154, -0.013763517762476717, 0.03342908215385699, -0.014806984974928203, 6.111793901749403E-4, -0.05951446408413039, 0.017631266209260203, 0.00111719849988891, 0.04556351454193355, -0.03978613221851066, -0.020833264678291042
0.06688687279527464, -0.003280168970149617, -0.02271653849683172, -0.0011034526285508713, -0.04600277356403622, 0.02092198596217501, 0.0216670734469445, 0.027646954225018144, 0.04180437402903998, -0.03978361715428152, -0.029542781260100612, -0.05171715467675207, 1.0000000000000009, 0.025700626598287143, -0.1325675076521251, 0.03277790982472629, 0.036496438723672635, -0.167375765351926, 0.024333930835457877, 0.0648579879392997, -0.009037005855701745, -0.05210897641901195, 0.012275763414888093, 0.023811471082574677, -0.1674854877235377, -0.020352418007237586, 0.02931936570139839, -0.019656243275650728, 0.0014454803587145488, 0.07051356475788591, -0.03567847779630501, 0.029886434912146622, 0.15634679218191996, -0.023285896584352258, -0.07814317851020323, 0.006168331473481146, 0.0427659625311335, -0.00790435656300961, -0.024860358597913697, 0.002946294278144803, 0.009548830309694157, -0.028558901372701364, -0.0012429490147877252, 0.03429243972674208, 0.00472211217313264, -5.935515811274132E-4, 0.003679912561889505, -0.13739359478501137, -0.001748640348117037, 0.058535446892259244
-0.030376870912530104, 0.0014764091011890597, 0.025455473872650177, 0.01286276876228594, -8.85030021033571E-5, 0.05543090984926402, -0.007289646064190133, -0.03857490094790549, -0.0022392329071685307, 0.02498004362354744, -0.02360856795656928, -0.00811149268774101, 0.025700626598287143, 1.0000000000000009, -0.01422164769678966, -2.5870335455282476E-4, -0.021754132100173226, -3.5927574463455057E-4, -0.03222208109718623, -0.06727587748631599, 0.0025711410527571254, 0.01596354890091407, 0.030215828343354335, -0.006864865970812581, -0.04462590606841973, 0.00720689958643249, -1.7227216276154053E-4, 0.03605408843903752, 0.010885370249071082, -0.023060791232402223, -0.001092027815714292, 0.00736437640153267, -0.01822383981205551, -0.01156698785238116, 0.020849327416987348, -0.0058560541525239755, -0.05530021189177942, -0.007722231549745835, 0.008280249539749015, -0.04530487906527374, 0.007238048276382555, 9.299742388021997E-4, 0.01748293084255864, -0.04581599589968514, 0.01777389873743892, -0.005911379915043889, 0.020311667996682665, 0.09788698247847845, 0.002012924364246509, -0.1361923314033432
-0.11966682110040838, 0.03390337469225244, 0.053746195942631046, -0.017313465982594, 0.04669622143045408, -0.01131229598386635, -0.01906412593363096, -0.004022275845863871, -0.1674774721541546, 0.042613384210405156, 9.326650459057631E-4, 0.01688135954393604, -0.1325675076521251, -0.01422164769678966, 1.0000000000000009, -0.13649452323674516, 0.013763495221639171, 0.038843864941869095, 0.0026002935800783873, 0.02847788787030807, -0.0017327550706791955, 0.019464070883389396, -0.008579353314953585, -5.108197487361981E-4, 0.02514233938687552, 0.036809711146033534, -0.0011677494268463701, 0.023564228329544353, -8.490638369322371E-4, -0.03888707611355773, 0.02060428269290702, -0.0059942155013856, -0.03531260877087505, 0.01258896691360789, 0.08571510424621313, -0.051795081354449934, -0.11808284677370669, 0.03738020510812645, 0.008470883567724647, -0.004017009740738016, -0.0010307602257058634, 0.01262650610867898, 0.006851442403646648, -0.01702931436092769, -0.017039125217060382, 0.01391395385630013, 0.001439116402233568, 0.02253909445879027, -0.009417703149088904, -0.029049457752333883
0.006151851835689835, -0.03466786119788788, -0.10558842930267721, 0.01510790655081563, -0.024665238268990284, 0.03958611524696405, 0.06344040418127987, 0.0065717311782732026, 0.07095113437891162, -0.008584164333012755, -2.976845969187734E-5, -0.028330552748612244, 0.03277790982472629, -2.5870335455282476E-4, -0.13649452323674516, 1.0000000000000009, 0.0010718555511692342, -0.03980241190223385, -0.012392546959315782, -0.006094537678968312, -0.006650753019916941, -0.01242113220249543, 0.017215784645462306, -0.017051260808117266, 0.0016949035010313917, -0.01940137824260151, -0.009350815832734637, -2.3460785716907567E-4, -0.012142335811935329, 0.023754082114700547, -0.020261229177603104, 0.027355567601021178, 0.018305476321647984, -0.0029268355292121004, -0.05019274021526299, 0.010202104567749457, 0.1144828001651535, -0.0016977430793833792, -0.03123602426817992, 0.014009190987650535, 0.014642968918669664, -0.002144049942029199, 0.006267760473339655, -0.06036536810103956, 0.016288917584347324, 3.999730528162003E-4, -0.006450542025745792, 0.01371574148146315, 2.574360494277135E-4, -0.004457372454176396
0.03030050142037716, 0.023733918640877195, -0.01158393895028631, -0.1064574219505986, 0.0176717360716068, -0.026184388964042175, -0.011290861283284496, 0.08675122571254443, 0.01041878641588424, -0.002124919185926928, -0.016073202601793908, -0.001118365086632326, 0.036496438723672635, -0.021754132100173226, 0.013763495221639171, 0.0010718555511692342, 1.0000000000000009, -0.06071282628138643, 0.04723475751625953, 0.056328456353905494, -1.937890697869988E-4, -0.17253752232558509, -0.018629009891858093, 0.07687523189320714, -0.010371265666390924, 0.03432148817493132, 0.0363396017585363, -0.018313261310004346, 3.148340119618199E-4, 0.002653163389631108, -0.016102067365053048, -0.009828528827639921, 0.05507371888948173, -0.009872004103638494, -0.006190388372227804, -0.12466680682654395, -0.036825146126762257, 0.019679729606028037, -0.014861926871007514, 0.046370262635499045, -0.007400348640401222, -0.006868226691254127, -0.008803409039879724, 0.06325384433829076, -0.05382242938698035, 0.016017020051880656, -0.025950457416182487, -0.17006770881246594, -0.023100844852601405, 0.07111417273108668
-0.029808747002890292, 0.005832553371896506, 0.0013523143106140348, 0.009764583251706725, 0.00767408143305647, -0.006384773559408909, 0.0148075579477539, -0.054243503585679614, -0.03318438310382994, 0.04354710102896601, 0.03387015705798215, 0.04201802460351444, -0.167375765351926, -3.5927574463455057E-4, 0.038843864941869095, -0.03980241190223385, -0.06071282628138643, 1.0000000000000009, -0.00591259803581333, -0.1651731199487996, 0.01108358786796547, 0.10772528476247982, -0.021308883436948506, -0.03765547213240986, 0.020167496632136423, 0.05813343578388819, -0.037822775833978875, -0.12231043417735175, 0.0144369686954747, -0.01850488941405702, 1.4448874212060034E-4, -0.035669614363353766, -0.16924943133296227, -0.0011202632604211838, 0.03800049446291781, 0.009452656575734346, -0.03051238933489832, 0.008577798358848008, 0.07206699553030538, 0.03131578340920138, -0.062358098499747584, 0.027377883808898745, 0.0020707449328863214, -0.019205197067222124, -0.0060036545577219855, 0.0031749533341917284, 0.0037874154373161596, 0.10638456428972583, -0.010957400275069052, -0.018256634530549105
0.04906688430371669, 0.006541217941916537, -0.018253645166187302, -0.011186378719771928, -0.016733275922549456, -0.016194527971305786, 0.011008835131020769, -0.045428847095412665, 0.002929495480533184, -0.027566086788515295, -0.0283451614273458, -0.013654235765968878, 0.024333930835457877, -0.03222208109718623, 0.0026002935800783873, -0.012392546959315782, 0.04723475751625953, -0.00591259803581333, 1.0000000000000009, 0.057298029984430045, 0.005449723327608455, -0.0169703010499386, 9.401890739450467E-4, 0.019052199547537563, -0.050956235511000994, -9.767128488320646E-4, 0.03223995553413392, -0.09840236668625103, 0.02442550341020707, 0.042750691606427915, -0.001359549828775926, -0.002496078568467761, 0.052042359224679355, -0.01783180308293057, -0.01940956903622391, 0.006108422132129482, 0.008067841675665325, -0.022225507426668487, 0.01571663939429878, 0.04018490917278672, -0.03225357517036722, -0.0024507972712286058, -0.0028104338418416595, 0.060371809951060236, -0.00497618242068318, 0.004196349042421986, -0.02059040281332046, -0.20375045649414097, 0.006955013879449089, 0.14219814040576453
0.056707918215568656, -6.674949574171409E-6, -0.005200175046260703, -0.024909484698241575, -0.013537592786161994, -0.01570005739681341, 0.006702172872937261, 0.029423537356924396, 0.009281113594049463, -0.13600385950149968, -0.02803483874791659, -0.0216185349496399, 0.0648579879392997, -0.06727587748631599, 0.02847788787030807, -0.006094537678968312, 0.056328456353905494, -0.1651731199487996, 0.057298029984430045, 1.0000000000000009, -0.00459987044084243, -0.052905159607458944, 0.01628463103520509, 0.06055325339009869, -4.169509365229455E-5, -0.028570974579527682, 0.04159305504197665, -0.0283316487081297, 2.108982617866451E-4, 0.051404029230077725, -0.0066740565059919855, 0.006517929075331899, 0.09704025894072428, -0.022689043375450902, -0.0319962047700746, 0.012446454556628498, 0.03754610642256445, -0.01623259744517894, -0.012178640840275454, 0.027881049913356767, -0.023683289493128517, -0.0027889947333965426, -0.011689675730840112, 0.06314379910348915, -0.002739107110226918, 4.069433007587489E-4, -0.007682755935014669, -0.21157552246565797, 0.013451053931833353, 0.08091264721446617
-0.004033105042186828, -0.09352534066311742, 0.015517416603530303, -0.019404276646396847, -0.006881747293491587, -1.7288146853154895E-5, 0.018625733889839777, -0.012703358959656078, 0.012485440898952331, 0.019094592767114085, -0.006926730261653721, -0.021910438512017842, -0.009037005855701745, 0.0025711410527571254, -0.0017327550706791955, -0.006650753019916941, -1.937890697869988E-4, 0.01108358786796547, 0.005449723327608455, -0.00459987044084243, 1.0000000000000009, 0.007873299560561061, 0.01994483021017726, 0.01516100453482703, -0.0022582430330845217, -0.014863683396324257, -0.16176473671195252, -0.008308973207506808, 0.05194191186832329, 7.779290584007566E-4, 0.0074163169538515135, -0.013417075766980898, -0.00987275520383534, 0.015726432935163747, 0.006687885598189503, 0.03187758769408087, -0.013834027748932219, -0.08582462352130198, 0.018624204864099485, -0.040130549108104464, -0.020286473852754745, -0.006348128527499663, 0.07546269495378569, 0.0013306585595441699, 0.10378413701596896, -0.03917815106572676, 0.011651481053640956, 0.00464681960476585, 0.02623913581164642, 0.012949576632658263
-0.0696668409661657, -0.0013251287731148498, 0.013834544423368211, 0.010602973432954148, 0.012060627852784141, 0.011942417609145899, -0.024822741188678214, -0.16841531984152266, -0.019258438264874993, 0.027367523313811568, 0.02149899622851168, 0.009891272108571937, -0.05210897641901195, 0.01596354890091407, 0.019464070883389396, -0.01242113220249543, -0.17253752232558509, 0.10772528476247982, -0.0169703010499386, -0.052905159607458944, 0.007873299560561061, 1.0000000000000009, -0.0024017128256406868, -0.03684511305298177, 0.025926530245048738, 0.009333017114774298, -0.014170154191942659, 0.046126226351704804, -8.526530142892928E-4, -0.028813183386231508, 4.483777326996216E-4, -0.002856407250208895, -0.07323054132751626, 0.028968265742307528, 0.04078679787268038, 0.010611309504625894, -0.012005149462106674, -6.55650470555076E-5, 0.011210118098451436, -0.020514207561008805, 0.005727797283208541, 0.007388727610463346, 0.02424132208618634, -0.02190925257230282, 0.01026417813261254, -0.00775168468025475, 0.008543542784489051, 0.12090171740624488, -0.009009067647694723, -0.08845534971113629
0.01078482521701096, -0.006924344081153214, 0.006938465245320776, 0.048202769595845726, -0.008797936741354028, 0.0402257252046926, 0.009098817878432823, -0.01721648985270425, -0.009411598161773243, -0.023345810924336078, -0.0294163601912474, -0.08142519768484191, 0.012275763414888093, 0.030215828343354335, -0.008579353314953585, 0.017215784645462306, -0.018629009891858093, -0.021308883436948506, 9.401890739450467E-4, 0.01628463103520509, 0.01994483021017726, -0.0024017128256406868, 1.0000000000000009, 0.008602122119627638, -0.00796977448951541, -0.008306597619605467, 0.004110336906284966, 0.001025705979620539, 0.02428789306422705, 0.07104830317846256, 0.019215726269613227, 0.010250276693602702, 0.09803821296561922, 6.040688428053071E-4, -0.011626532994258532, 0.021630790885964733, 0.015078334308882828, -0.10731347338571523, 0.01411965776607037, -0.030786687532184838, 0.008278987939589113, -0.015698231497722235, 0.019846554533415203, -0.15646059796516806, 0.06560371777116496, -0.03124973694843081, 0.012284253274248811, 0.003464926487568868, 0.015850206096974264, -0.005806370455691718
0.03649250739865636, -0.007455615860839221, -0.019674172336175598, -0.01621647482756053, -0.008466336220661617, -0.005472281682139932, 6.290173820228402E-4, 0.013005020428932562, 0.013441717089156912, -0.019126858687645555, -0.016475810430024263, -0.01193420778949938, 0.023811471082574677, -0.006864865970812581, -5.108197487361981E-4, -0.017051260808117266, 0.07687523189320714, -0.03765547213240986, 0.019052199547537563, 0.06055325339009869, 0.01516100453482703, -0.03684511305298177, 0.008602122119627638, 1.0000000000000009, -0.022873409466044874, -0.00686361356188832, 0.021970372650452548, -0.020305592306785, 0.013106049088275094, 0.01534583609719229, -0.0042120514217152474, 0.008582555624216738, 0.0636140067868584, -0.039889487163665666, -0.0129980415679226, 8.759012726512514E-4, -0.0038699145880680343, -0.011866080366294832, 0.15759575509689247, 0.05688970727915459, -0.12730921502789644, -0.0064406628661029695, -0.003437274413823139, 0.04862977277437059, -0.018763524717370302, 0.01264882157923212, -0.004721193513007752, -0.14496367851391925, 0.003401233862518922, 0.09020533339965
-0.0239855768098057, 0.012679682927635536, 0.009036951197439202, 0.02840209500195405, 0.004969251103911897, -0.004255718551778096, -0.004185034445782, -0.0012359133180663774, 0.0023389369487238766, 0.0035103830123242854, 0.029500343612320366, -0.0011882008333020167, -0.1674854877235377, -0.04462590606841973, 0.02514233938687552, 0.0016949035010313917, -0.010371265666390924, 0.020167496632136423, -0.050956235511000994, -4.169509365229455E-5, -0.0022582430330845217, 0.025926530245048738, -0.00796977448951541, -0.022873409466044874, 1.0000000000000009, 0.005581130161133754, 0.005721515803579578, 0.03618261636145835, -0.22256790694064418, -0.029480739350334996, -0.012398434302782813, -0.07120902088966224, -0.01653995509350683, 0.04301396039517185, 0.026930935970831165, -0.009097501334018526, -0.00580219974332289, 0.06792087529022427, -0.021645160374052327, -0.0032459010257155432, 0.016921928252029702, 0.013148030592099463, -0.01701812736917195, -0.02509824377071714, -0.03315730910992702, 0.040624593678381525, -0.05881863044440623, 0.06625798921913216, -0.0083628761210167, -0.11238075151729239
-0.003700201127126711, 0.06932127033872759, 5.759376379464455E-4, -0.00783990959976871, 0.005720905015161072, -0.009414826025050345, -0.01114559616459344, -0.012182505914884213, -0.11460422884553667, 0.006055303752201297, 0.01071183553185731, 0.02096627970332225, -0.020352418007237586, 0.00720689958643249, 0.036809711146033534, -0.01940137824260151, 0.03432148817493132, 0.05813343578388819, -9.767128488320646E-4, -0.028570974579527682, -0.014863683396324257, 0.009333017114774298, -0.008306597619605467, -0.00686361356188832, 0.005581130161133754, 1.0000000000000009, 0.009168638133896522, -0.0012947457767914002, 0.001130426602351026, -0.001612215130614113, 0.009048984813792425, -0.07532695373510584, -0.033001876537064316, 0.008872528085817271, 0.016343242242131035, -0.19860884001208837, -0.018130779906545432, 0.0366122193866221, -0.0020315427456996976, 0.030641640716351674, 0.020764668539962224, 0.015099195391230707, -0.0043857355351759105, 0.005319819098497841, -0.01478244198632959, 0.004524658375537315, -0.011555852219360055, 0.0010974911948843597, -0.18206049531281682, -0.007032102908094594
0.024469257000887926, 0.05460663025703857, -0.025675734415631042, -8.786881960832074E-5, -0.007451115588719265, 0.023501504513477614, -0.07953670129361191, 0.01767461615857019, 0.005764637356777155, -0.017276931132531263, -0.010821971557999412, 0.00694922275268413, 0.02931936570139839, -1.7227216276154053E-4, -0.0011677494268463701, -0.009350815832734637, 0.0363396017585363, -0.037822775833978875, 0.03223995553413392, 0.04159305504197665, -0.16176473671195252, -0.014170154191942659, 0.004110336906284966, 0.021970372650452548, 0.005721515803579578, 0.009168638133896522, 1.0000000000000009, 0.03939778562628171, -0.012708159874303746, 0.05002842640864021, 0.010923301123504188, 0.006170771531930639, 0.06652645299220986, -0.00668168093911181, -0.017284944540267275, -0.01867440535404412, 0.014122342831355526, 0.03234892864729253, -0.01472055722690132, 0.07427439428640858, 6.258420753032718E-4, -0.00801857030598947, -0.18874740769408224, 0.018530250221784485, -0.07110742310911532, 0.022469127814106905, -0.044977192900636315, -0.17316754788355693, -0.029524707415355223, -0.04290148082731486
-0.07478922799908135, 0.019947200622985446, 0.01857506337786883, -0.004309873750855286, 0.023253648392906914, 0.0366349829484372, -0.1364889509457231, -0.006901867435106939, -0.02709684366541201, 0.031131766719363213, 0.03143390158988413, 0.02755702708232897, -0.019656243275650728, 0.03605408843903752, 0.023564228329544353, -2.3460785716907567E-4, -0.018313261310004346, -0.12231043417735175, -0.09840236668625103, -0.0283316487081297, -0.008308973207506808, 0.046126226351704804, 0.001025705979620539, -0.020305592306785, 0.03618261636145835, -0.0012947457767914002, 0.03939778562628171, 1.0000000000000009, -0.002717195756852919, -0.07512924170511436, 0.032561717796834255, -0.0019215022001648093, -0.032246762388506135, 0.03748692381935335, 0.02194700563822992, -0.009071305674609335, -0.016048809827801904, 0.011839518148097698, -0.05643028696391018, -0.014842188020572364, 0.08956846158112144, -0.03144932891207963, -6.106795942053525E-4, -0.047573133507948756, -0.014346707422057977, 0.00790099631826204, -0.003819704312232401, 0.10676277804499985, -0.028721476550001675, -0.16160998491374898
0.0013551807157708429, -0.03181962413064759, -0.0017513010762058305, -0.048844397081688855, -0.012312674878272188, 0.020197483066358005, -0.04130418936308645, -0.0420691163562224, -0.0388113895601267, 0.020391167855559212, 0.0024068693501968115, 0.03147959457271435, 0.0014454803587145488, 0.010885370249071082, -8.490638369322371E-4, -0.012142335811935329, 3.148340119618199E-4, 0.0144369686954747, 0.02442550341020707, 2.108982617866451E-4, 0.05194191186832329, -8.526530142892928E-4, 0.02428789306422705, 0.013106049088275094, -0.22256790694064418, 0.001130426602351026, -0.012708159874303746, -0.002717195756852919, 1.0000000000000009, 0.014107782915251943, 0.1035232286189223, 0.011665133671182909, -0.06805173065291448, -0.027540400416082, -0.003181749465543942, 0.029466048414600644, -0.010049908199298834, -0.2511004182009527, 0.03470952856217556, -7.844796256767003E-4, -0.028976684811772516, -0.0058484504533668135, 0.04692987324867333, 0.005973782368482594, 0.10273638775839583, -0.05090826646882343, 0.03131163190079425, -0.004265050487836031, 0.029837519135343143, 0.02452847513836031
0.09138233821942002, -0.004499041929376489, -0.025364236855691457, -0.004124636783267237, -0.09047001880723522, -0.005027869221309283, 0.01854753533484337, 0.011470688847803681, 0.013368039040646285, -0.03606436994530221, 0.006748432543825942, -0.02065172812061902, 0.07051356475788591, -0.023060791232402223, -0.03888707611355773, 0.023754082114700547, 0.002653163389631108, -0.01850488941405702, 0.042750691606427915, 0.051404029230077725, 7.779290584007566E-4, -0.028813183386231508, 0.07104830317846256, 0.01534583609719229, -0.029480739350334996, -0.001612215130614113, 0.05002842640864021, -0.07512924170511436, 0.014107782915251943, 1.0000000000000009, 0.001953692302173296, 0.0030421558055622163, 0.06384187755095624, -0.020520662886553645, -0.06562426364106728, 0.04861836575002297, 0.05149538993549483, -0.031158333653136742, 0.029131972820882392, 0.03604652165872219, -0.029107605830537044, 5.809115780728048E-4, -0.016440632302629113, 0.04875023194492959, 0.0021262711449285794, -0.009372274605245659, 0.012940730896235434, -0.19406129131143102, 0.004732212558680926, 0.059474168602704824
-0.0027032419629701185, 0.03694453861184946, 6.478227026310536E-4, -0.00855098666474042, -0.003179295531568288, 0.013287761944236896, -0.18512961254545418, -0.015606247243821406, -0.13972515206646427, 0.015660029858760156, 0.005268150462353083, 0.06730257844596013, -0.03567847779630501, -0.001092027815714292, 0.02060428269290702, -0.020261229177603104, -0.016102067365053048, 1.4448874212060034E-4, -0.001359549828775926, -0.0066740565059919855, 0.0074163169538515135, 4.483777326996216E-4, 0.019215726269613227, -0.0042120514217152474, -0.012398434302782813, 0.009048984813792425, 0.010923301123504188, 0.032561717796834255, 0.1035232286189223, 0.001953692302173296, 1.0000000000000009, -0.007316022154925654, -0.02495572901594274, 0.006411632651496265, 0.010756146714213386, 0.02087809152477363, -0.007037106740667751, -0.15961721409194402, 0.007837911084299109, 0.016705809036787977, -0.015935707284634757, -0.004829372576308947, 0.02239843077005101, -0.0010588117429718225, 0.042070666112982616, -0.007125780406855056, 0.0034526267443375186, 0.009749247580816014, 0.007592308452854839, -0.007999515967585266
-0.018720008187608148, -0.0129411096716033, -3.71285948156398E-4, 0.026079999752437015, 0.006699898726533411, 0.012484039863224673, 0.0042395521040194855, 0.005960098690887212, 0.015908156700544508, -0.03091833416389248, -0.015776452771368698, -0.013696484196096776, 0.029886434912146622, 0.00736437640153267, -0.0059942155013856, 0.027355567601021178, -0.009828528827639921, -0.035669614363353766, -0.002496078568467761, 0.006517929075331899, -0.013417075766980898, -0.002856407250208895, 0.010250276693602702, 0.008582555624216738, -0.07120902088966224, -0.07532695373510584, 0.006170771531930639, -0.0019215022001648093, 0.011665133671182909, 0.0030421558055622163, -0.007316022154925654, 1.0000000000000009, 0.017767650758800872, -0.023397545795713983, 0.0033254610800170985, 0.020310736104784954, 0.021438875446895683, -0.012671910425273868, 0.014431064328530429, -0.00864421567487207, -0.025227239362583725, -0.010316534590158365, 0.0036939959231700823, -0.04223168042320562, 0.008390376886885546, -0.013934233164518509, -9.157168804905099E-4, 0.002163976185187066, 0.06136535473877986, -7.266954735484443E-4
0.07892497744721266, 0.008159781142024284, -0.014141878122117438, 0.022620698973811044, -0.016201390054032552, -0.008684574388812458, 0.04653927641027083, 0.039749535122030576, 0.03488290586293873, -0.06975740115362579, -0.15736831307407076, -0.23233129234509559, 0.15634679218191996, -0.01822383981205551, -0.03531260877087505, 0.018305476321647984, 0.05507371888948173, -0.16924943133296227, 0.052042359224679355, 0.09704025894072428, -0.00987275520383534, -0.07323054132751626, 0.09803821296561922, 0.0636140067868584, -0.01653995509350683, -0.033001876537064316, 0.06652645299220986, -0.032246762388506135, -0.06805173065291448, 0.06384187755095624, -0.02495572901594274, 0.017767650758800872, 1.0000000000000009, -0.016423783840329536, -0.08295050800719278, 0.008350865162603619, 0.039987669677847094, -0.010848681011219283, -0.024152418673063194, -0.03789543995732506, 0.006675511884613145, -0.1315428930858563, -0.018345070327655234, 0.045578693558232415, 0.011281220107074205, -0.005816777175484803, -0.025436391064806763, -0.2519778902326672, 0.020502811781678204, 0.08884187489702161
-0.029560987865607076, 0.006776133006839641, 0.02196765177552061, 0.011292646201721756, 0.03009060242142793, 0.012409551274612076, -9.823338223623709E-4, -0.02651779294928717, -0.003507356930237115, 0.004008524573585299, 0.06848843878963397, 3.3879271291646705E-4, -0.023285896584352258, -0.01156698785238116, 0.01258896691360789, -0.0029268355292121004, -0.009872004103638494, -0.0011202632604211838, -0.01783180308293057, -0.022689043375450902, 0.015726432935163747, 0.028968265742307528, 6.040688428053071E-4, -0.039889487163665666, 0.04301396039517185, 0.008872528085817271, -0.00668168093911181, 0.03748692381935335, -0.027540400416082, -0.020520662886553645, 0.006411632651496265, -0.023397545795713983, -0.016423783840329536, 1.0000000000000009, 0.027062932056076565, -0.022437932413460683, -0.004796868417567201, 0.013643750968084742, -0.054813704733765116, -0.023661382360805658, 0.03809630808654026, 0.004690871382742083, 0.012485163821047442, -0.03373866834881647, 0.06049445357725072, -0.01410239498707782, -0.002711915581288501, 0.04452332873163684, -0.015897753312347235, -0.05158385729696422
-0.07564373588615426, 0.009956461222584048, 0.11942774318731274, 0.008596670266674676, 0.02754349934210186, 0.005136798176217042, -0.03200768817634123, -0.03236387283364931, -0.02561927327485085, 0.06512300083455304, 0.02290035622307563, 0.03176064724378054, -0.07814317851020323, 0.020849327416987348, 0.08571510424621313, -0.05019274021526299, -0.006190388372227804, 0.03800049446291781, -0.01940956903622391, -0.0319962047700746, 0.006687885598189503, 0.04078679787268038, -0.011626532994258532, -0.0129980415679226, 0.026930935970831165, 0.016343242242131035, -0.017284944540267275, 0.02194700563822992, -0.003181749465543942, -0.06562426364106728, 0.010756146714213386, 0.0033254610800170985, -0.08295050800719278, 0.027062932056076565, 1.0000000000000009, -0.00855370834471364, -0.2719910935972636, 0.006298523543096396, -0.0015037370076879345, -0.014201500463823291, 0.005917074436262221, 0.07873384715400465, 0.008103847379079565, -0.041389783752296065, 0.002746220801396198, 0.007836263882441614, 0.005101928766329739, 0.08960759208619318, -0.019829882744444558, -0.03667691328795217
0.015553835336208167, -0.09818769213905483, 0.0015420776026931653, 0.020499444477050148, -0.024696225052218263, 0.01994367422837154, 0.011850053584257825, -0.012192316008377222, 0.042953828993449926, -0.003939766360643197, -8.813221039726807E-7, -0.017171654055932763, 0.006168331473481146, -0.0058560541525239755, -0.051795081354449934, 0.010202104567749457, -0.12466680682654395, 0.009452656575734346, 0.006108422132129482, 0.012446454556628498, 0.03187758769408087, 0.010611309504625894, 0.021630790885964733, 8.759012726512514E-4, -0.009097501334018526, -0.19860884001208837, -0.01867440535404412, -0.009071305674609335, 0.029466048414600644, 0.04861836575002297, 0.02087809152477363, 0.020310736104784954, 0.008350865162603619, -0.022437932413460683, -0.00855370834471364, 1.0000000000000009, 0.015610785716012206, -0.16029312111911306, 0.010996882524448854, -0.024076095617705115, -0.02396548673842926, -0.01799340697918842, 0.008806667979981092, -0.013811074757566015, 0.05098105508195007, -0.015617741793481524, 0.017214387508158905, 0.006619126794065443, 0.07512871468464595, 0.01239965672473328
