0.9999999999999979, -0.011731181611045407, -0.03612587152109618, -0.0030544422656506596, -0.18585399258432175, -0.044948914662177694, 0.021700356072120213, 0.03696798920441036, 0.017845755602448058, -0.08818141429412088, -0.023710443784191734, -0.0339960067824823, 0.07251872079007897, -0.03286996570067714, -0.1299336654027973, 0.00655927715916846, 0.03285677304084435, -0.03235624932673882, 0.05323608099891292, 0.06160494853222998, -0.004423393439711976, -0.07560672506887972, 0.011673994164146734, 0.03951575608633791, -0.025972544137711672, -0.003968774957505674, 0.026490175631779404, -0.08106091872938838, 0.001443270243932333, 0.0989727303320807, -0.002937304899264862, -0.020263548753536472, 0.08577354879629573, -0.032077821373843095, -0.08229730162100732, 0.016923031915349555, 0.06506785417530556, -0.019926521900360778, 0.02201273746531997, 0.031617063917887364, -0.021974225699319373, -0.009654536761588384, -0.021370780251339344, 0.12793942155918145, -0.0026159509296778062, -0.007862547823873665, -0.005961398786808996, -0.20936615835914443, 0.011042547179208368, 0.15173919398416702
-0.011731181611045407, 0.9999999999999979, -0.006840634570535029, -0.005117150083909099, 0.007999970409485718, -0.008469331550835322, -0.11790041083374138, 0.0019134372785682065, -0.1078777799032288, 0.003758299535874545, -0.003798014958902149, 0.02543416602252333, -0.003715020551385629, 0.0016166894422518369, 0.03792492705654086, -0.03878813370186858, 0.02661353461915539, 0.006497415661458442, 0.0072932715935619405, -2.0247459940606283E-5, -0.10504586629316004, -0.001490915272431511, -0.007752971919978599, -0.00843246122249146, 0.014219505663683867, 0.07748706114235694, 0.06143874623133104, 0.02236746822105215, -0.03570009105897891, -0.005016926033577975, 0.04135196505901256, -0.014536650370691094, 0.009080480179030423, 0.007648995371582869, 0.011180857341023356, -0.10999573142591172, -0.009897522064064614, 0.050840142286840924, -0.012941042742816282, 0.06172707783356039, 0.008604458358538384, 0.0035167638594970447, -0.021672921819966315, -0.0014355639727549863, -0.07377836645634453, 0.042933758625106705, -0.006767520774811809, -0.007021801672825625, -0.045361421222440815, -0.016483145624035293
-0.03612587152109618, -0.006840634570535029, 0.9999999999999979, 0.0021507339191197527, 0.025916559384576217, -0.0013832081090359976, -0.00913909847175373, -0.020506784785397154, -0.026287130416703483, 0.021013054275247516, 0.004917627461556443, -0.0020075100844267045, -0.025089557222784335, 0.028005294873570293, 0.05923308056748206, -0.11637326178624059, -0.012800898313093318, 0.0015165584248697484, -0.020143469888249395, -0.00574793857862651, 0.017067229157576, 0.015249467153783168, 0.007642823537264654, -0.02170336979024413, 0.00995341541733575, 6.237048995472641E-4, -0.028366600935707368, 0.02048126336917871, -0.0019433238636610347, -0.027971768829307162, 7.123584417162502E-4, -3.758178381533974E-4, -0.015586451761716625, 0.024197853406204617, 0.13156997793083214, 0.0017027037697337195, -0.07300350714529763, -0.011220556679278638, -0.012691711389773434, -0.27105515602501884, 0.03974315289977923, 0.003342699361719509, 0.03438118180938127, -0.03339810907339386, 0.05021587331859939, -0.060107368034065634, 0.0598075258438949, 0.07715558203705473, 0.03222768433682896, -0.028776568955034373
-0.0030544422656506596, -0.005117150083909099, 0.0021507339191197527, 0.9999999999999979, -0.010699090975301079, 0.0375987353258791, 0.022503468927411112, -0.011397384232418966, 0.00674649121350404, -0.1505133199103498, -0.0024328288356921753, -0.01602936417810464, -0.0011912747169851706, 0.014185601125224713, -0.019045209910151163, 0.016611440930708977, -0.11704683781898477, 0.010778034049046476, -0.01229156306605983, -0.027419930302434756, -0.021356796134082083, 0.011662913227376783, 0.053030715127720125, -0.01784695569206217, 0.031245548311013376, -0.00863614521715706, -9.118352950754328E-5, -0.004742002902848566, -0.053715371945580216, -0.004502373089596398, -0.009381373919235922, 0.02866943119203439, 0.024833072493194316, 0.012419052858117074, 0.009426022812594699, 0.02256597173732216, 0.03857305430409306, 0.04134493138292452, -0.00823257789754877, -0.028810515370137638, 0.02822313257028308, 0.006984669439685302, -0.020488158624395375, -0.17838513914671136, -0.0029530340168579493, 0.008077582693118352, -0.06887040980251104, 0.06504038816841128, -0.004019097441956328, -0.032551390519711135
-0.18585399258432175, 0.007999970409485718, 0.025916559384576217, -0.010699090975301079, 0.9999999999999979, 0.001768673215589125, -0.013535726409057825, -0.001928038471226873, -0.010018743020182158, 0.023075617912226516, 1.4291694114449443E-4, 0.007677382824384421, -0.051546934683723865, -1.1758974739701986E-4, 0.05209994775256239, -0.02745704793781789, 0.019687616588708982, 0.008567536703737876, -0.01866196408224023, -0.015133502117726712, -0.0076999977296141175, 0.013484972490599635, -0.009813703370238434, -0.009418515699597117, 0.0054771877228031425, 0.0063567701801328915, -0.008282516451223378, 0.025970675840389115, -0.013715889143659505, -0.1009385234430735, -0.003551179578549306, 0.007516276634042211, -0.018068742975518817, 0.0335771773248859, 0.030779188388112375, -0.027569008279358882, -0.03328121356214116, 0.009449871315717036, -0.013632603839824606, -0.02995357401499555, 0.011289918430686535, 0.00173315957154704, 0.00947542242858086, -0.01892243495355696, 0.007087012161138185, 0.004749491945365833, 0.006110524817853362, 0.053792899556991215, -0.007138233147449793, -0.03444841652599118
-0.044948914662177694, -0.008469331550835322, -0.0013832081090359976, 0.0375987353258791, 0.001768673215589125, 0.9999999999999979, 2.0345760586544783E-4, -0.021706120839658224, -0.004673040804502099, 0.005760225984577017, 0.003192546556172429, -0.01594287387073739, 0.020921985962175003, 0.055430909849264, -0.011312295983866356, 0.03958611524696406, -0.026184388964042227, -0.006384773559408918, -0.016194527971305796, -0.015700057396813384, -1.7288146853150426E-5, 0.011942417609145897, 0.04022572520469271, -0.005472281682139934, -0.004255718551778086, -0.009414826025050354, 0.023501504513477614, 0.03663498294843726, 0.020197483066357984, -0.005027869221309287, 0.013287761944236929, 0.01248403986322465, -0.008684574388812477, 0.012409551274612086, 0.005136798176217038, 0.01994367422837158, -0.008510263020754997, -0.051879214677960236, -0.007729257680344692, -0.014405318811562592, 0.017575317034536714, 0.0019205492735921144, 0.014524881805838812, -0.15620109144067315, 0.021353098208018378, -0.006630284108863141, -0.004577372396555857, 0.06855631423709524, 0.020641869816020852, -0.13424542058980882
0.021700356072120213, -0.11790041083374138, -0.00913909847175373, 0.022503468927411112, -0.013535726409057825, 2.0345760586544783E-4, 0.9999999999999979, 0.02881074149056231, 0.040283259794834415, -0.023814012433399617, -0.012990170744724696, -0.11750563792567784, 0.02166707344694449, -0.007289646064190133, -0.019064125933630983, 0.06344040418127991, -0.011290861283284518, 0.014807557947753914, 0.01100883513102074, 0.006702172872937256, 0.01862573388983978, -0.024822741188678266, 0.009098817878432813, 6.290173820228349E-4, -0.004185034445781997, -0.011145596164593439, -0.07953670129361193, -0.13648895094572303, -0.0413041893630864, 0.018547535334843355, -0.18512961254545415, 0.004239552104019483, 0.046539276410270766, -9.823338223623845E-4, -0.03200768817634131, 0.01185005358425779, 0.02610978712002543, 0.030249889690667647, -0.0025314075495519906, -0.0368299056977336, 0.03231970056498697, 0.015546307888781762, 0.010652550118867512, 0.002005218936196338, 0.044579372106997125, -0.018743190763630797, 0.012347051652238676, -0.017749994032001986, 0.02663171017869969, 0.04188870566541872
0.03696798920441036, 0.0019134372785682065, -0.020506784785397154, -0.011397384232418966, -0.001928038471226873, -0.021706120839658224, 0.02881074149056231, 0.9999999999999979, 0.027165379163999682, -0.01763361841187133, -0.004225631863629953, -0.013509353215338386, 0.027646954225018172, -0.03857490094790551, -0.004022275845863866, 0.006571731178273203, 0.08675122571254433, -0.05424350358567957, -0.04542884709541269, 0.02942353735692437, -0.012703358959656082, -0.16841531984152308, -0.017216489852704225, 0.01300502042893259, -0.0012359133180663785, -0.012182505914884229, 0.017674616158570192, -0.006901867435106946, -0.04206911635622235, 0.011470688847803693, -0.0156062472438214, 0.005960098690887208, 0.03974953512203054, -0.0265177929492872, -0.03236387283364932, -0.012192316008377193, 0.016726854636197955, 0.03230773997350691, -0.038010318069571114, 0.038578886010021365, 0.04102185162694268, -0.006359369363679943, -0.03934735392798791, 0.044832809670590876, -0.031521757820240096, 0.018203757960853606, -0.007517398298677035, -0.12683423287912726, 0.0016525831169522237, 0.03530185504986744
0.017845755602448058, -0.1078777799032288, -0.026287130416703483, 0.00674649121350404, -0.010018743020182158, -0.004673040804502099, 0.040283259794834415, 0.027165379163999682, 0.9999999999999979, -0.01371050095852017, -0.011391431108068282, -0.019398038614303, 0.04180437402904002, -0.0022392329071685324, -0.16747747215415476, 0.0709511343789114, 0.010418786415884255, -0.033184383103829956, 0.0029294954805331864, 0.009281113594049454, 0.012485440898952328, -0.019258438264874982, -0.00941159816177324, 0.01344171708915692, 0.0023389369487238814, -0.11460422884553685, 0.005764637356777145, -0.02709684366541205, -0.03881138956012668, 0.013368039040646294, -0.13972515206646416, 0.01590815670054452, 0.0348829058629387, -0.0035073569302371183, -0.02561927327485083, 0.04295382899344991, 0.03142682200964786, 0.0318026138405171, 0.0014966663967158908, 0.002645180558608378, -0.012772813911143066, -0.015567592870788974, -0.04039745405631541, 0.01956736493115442, -0.00536602275310124, 0.009687272541593352, -0.012502700272205123, -0.03277248171219481, 0.01358131862049194, 0.017975426564514892
-0.08818141429412088, 0.003758299535874545, 0.021013054275247516, -0.1505133199103498, 0.023075617912226516, 0.005760225984577017, -0.023814012433399617, -0.01763361841187133, -0.01371050095852017, 0.9999999999999979, 0.0163425450004233, 0.039712778097228466, -0.0397836171542815, 0.024980043623547468, 0.04261338421040513, -0.008584164333012746, -0.002124919185926925, 0.04354710102896596, -0.027566086788515298, -0.13600385950149962, 0.0190945927671141, 0.02736752331381156, -0.023345810924336095, -0.01912685868764557, 0.003510383012324294, 0.0060553037522012975, -0.017276931132531245, 0.031131766719363237, 0.020391167855559205, -0.03606436994530221, 0.015660029858760145, -0.030918334163892496, -0.06975740115362573, 0.004008524573585308, 0.06512300083455301, -0.003939766360643197, -0.24529302175820716, -0.013955460321088742, -0.0011646083323489506, 0.008414891815669595, 0.006584157982648657, -8.200786724035289E-4, 0.029843980227153354, -0.027542695021822, 0.004392971614474625, 0.03299341324482299, 0.05065361233884754, 0.07221219652529531, -0.008669443981393021, -0.04246235043411293
-0.023710443784191734, -0.003798014958902149, 0.004917627461556443, -0.0024328288356921753, 1.4291694114449443E-4, 0.003192546556172429, -0.012990170744724696, -0.004225631863629953, -0.011391431108068282, 0.0163425450004233, 0.9999999999999979, 0.032893037173419765, -0.029542781260100605, -0.023608567956569296, 9.32665045905767E-4, -2.9768459691878432E-5, -0.01607320260179388, 0.03387015705798217, -0.02834516142734583, -0.028034838747916565, -0.006926730261653726, 0.02149899622851167, -0.029416360191247406, -0.016475810430024253, 0.029500343612320346, 0.010711835531857304, -0.010821971557999435, 0.03143390158988416, 0.002406869350196803, 0.006748432543825945, 0.0052681504623530795, -0.015776452771368663, -0.15736831307407073, 0.06848843878963405, 0.022900356223075603, -8.813221039733784E-7, -0.004135119932245064, 0.0025193346397643264, -7.267746538126674E-5, 0.006822021509006853, 0.006546018748998341, 0.028221594500763125, 7.770688175840046E-4, -0.014004117393341868, -0.002009972109063366, 0.00475650172229861, 0.003409768578570788, 0.05809344891884254, -0.011370619906245308, -0.04186093870312306
-0.0339960067824823, 0.02543416602252333, -0.0020075100844267045, -0.01602936417810464, 0.007677382824384421, -0.01594287387073739, -0.11750563792567784, -0.013509353215338386, -0.019398038614303, 0.039712778097228466, 0.032893037173419765, 0.9999999999999979, -0.05171715467675203, -0.00811149268774101, 0.01688135954393604, -0.028330552748612285, -0.0011183650866323244, 0.04201802460351442, -0.013654235765968857, -0.02161853494963992, -0.021910438512017846, 0.009891272108571929, -0.08142519768484176, -0.011934207789499374, -0.0011882008333020163, 0.020966279703322262, 0.006949222752684134, 0.027557027082329, 0.031479594572714334, -0.020651728120619023, 0.06730257844596, -0.013696484196096776, -0.23233129234509564, 3.3879271291646905E-4, 0.03176064724378055, -0.017171654055932812, -0.0323053169777841, 0.0277325718907203, 0.004466410471964925, 0.08953131665821157, -0.013763517762476696, 0.03342908215385695, -0.014806984974928232, 6.111793901749422E-4, -0.05951446408413035, 0.01763126620926018, 0.0011171984998889044, 0.04556351454193359, -0.039786132218510656, -0.02083326467829101
0.07251872079007897, -0.003715020551385629, -0.025089557222784335, -0.0011912747169851706, -0.051546934683723865, 0.020921985962175003, 0.02166707344694449, 0.027646954225018172, 0.04180437402904002, -0.0397836171542815, -0.029542781260100605, -0.05171715467675203, 0.9999999999999979, 0.02570062659828715, -0.1325675076521251, 0.03277790982472625, 0.03649643872367265, -0.16737576535192641, 0.02433393083545787, 0.06485798793929964, -0.009037005855701748, -0.052108976419011965, 0.012275763414888076, 0.023811471082574684, -0.1674854877235377, -0.020352418007237597, 0.029319365701398384, -0.019656243275650763, 0.001445480358714548, 0.07051356475788587, -0.035678477796305015, 0.029886434912146535, 0.15634679218191977, -0.023285896584352296, -0.07814317851020343, 0.006168331473481152, 0.04276596253113354, -0.007904356563009612, -0.024860358597913735, 0.0029462942781448014, 0.009548830309694164, -0.028558901372701367, -0.0012429490147877356, 0.03429243972674204, 0.004722112173132635, -5.935515811274114E-4, 0.00367991256188951, -0.13739359478501145, -0.001748640348117042, 0.05853544689225922
-0.03286996570067714, 0.0016166894422518369, 0.028005294873570293, 0.014185601125224713, -1.1758974739701986E-4, 0.055430909849264, -0.007289646064190133, -0.03857490094790551, -0.0022392329071685324, 0.024980043623547468, -0.023608567956569296, -0.00811149268774101, 0.02570062659828715, 0.9999999999999979, -0.014221647696789696, -2.58703354552822E-4, -0.021754132100173185, -3.592757446345516E-4, -0.032222081097186314, -0.06727587748631601, 0.002571141052757119, 0.015963548900914087, 0.030215828343354286, -0.006864865970812576, -0.04462590606841977, 0.007206899586432496, -1.7227216276154004E-4, 0.036054088439037596, 0.010885370249071073, -0.023060791232402202, -0.0010920278157142914, 0.007364376401532666, -0.018223839812055498, -0.01156698785238115, 0.02084932741698735, -0.005856054152523974, -0.05530021189177948, -0.007722231549745843, 0.008280249539748997, -0.04530487906527372, 0.007238048276382556, 9.299742388021959E-4, 0.017482930842558624, -0.04581599589968505, 0.017773898737438905, -0.005911379915043907, 0.020311667996682624, 0.09788698247847841, 0.0020129243642465094, -0.13619233140334314
-0.1299336654027973, 0.03792492705654086, 0.05923308056748206, -0.019045209910151163, 0.05209994775256239, -0.011312295983866356, -0.019064125933630983, -0.004022275845863866, -0.16747747215415476, 0.04261338421040513, 9.32665045905767E-4, 0.01688135954393604, -0.1325675076521251, -0.014221647696789696, 0.9999999999999979, -0.13649452323674527, 0.013763495221639175, 0.03884386494186907, 0.002600293580078394, 0.028477887870308027, -0.0017327550706791965, 0.019464070883389407, -0.008579353314953584, -5.108197487361902E-4, 0.025142339386875538, 0.03680971114603356, -0.001167749426846372, 0.023564228329544287, -8.490638369322321E-4, -0.038887076113557795, 0.020604282692907042, -0.005994215501385605, -0.035312608770875054, 0.012588966913607906, 0.08571510424621306, -0.05179508135444994, -0.11808284677370666, 0.037380205108126376, 0.00847088356772465, -0.004017009740738014, -0.0010307602257058654, 0.012626506108678973, 0.006851442403646658, -0.017029314360927715, -0.017039125217060382, 0.013913953856300112, 0.0014391164022335657, 0.02253909445879031, -0.00941770314908891, -0.0290494577523339
0.00655927715916846, -0.03878813370186858, -0.11637326178624059, 0.016611440930708977, -0.02745704793781789, 0.03958611524696406, 0.06344040418127991, 0.006571731178273203, 0.0709511343789114, -0.008584164333012746, -2.9768459691878432E-5, -0.028330552748612285, 0.03277790982472625, -2.58703354552822E-4, -0.13649452323674527, 0.9999999999999979, 0.0010718555511692203, -0.03980241190223383, -0.012392546959315761, -0.006094537678968309, -0.006650753019916945, -0.012421132202495454, 0.0172157846454623, -0.017051260808117284, 0.0016949035010313891, -0.0194013782426015, -0.009350815832734644, -2.3460785716907347E-4, -0.012142335811935346, 0.023754082114700523, -0.02026122917760312, 0.027355567601021254, 0.018305476321647973, -0.0029268355292120934, -0.05019274021526297, 0.010202104567749448, 0.11448280016515343, -0.0016977430793833812, -0.031236024268179875, 0.014009190987650537, 0.014642968918669655, -0.0021440499420291954, 0.0062677604733396616, -0.060365368101039554, 0.016288917584347338, 3.9997305281619963E-4, -0.006450542025745792, 0.013715741481463126, 2.574360494277119E-4, -0.004457372454176402
0.03285677304084435, 0.02661353461915539, -0.012800898313093318, -0.11704683781898477, 0.019687616588708982, -0.026184388964042227, -0.011290861283284518, 0.08675122571254433, 0.010418786415884255, -0.002124919185926925, -0.01607320260179388, -0.0011183650866323244, 0.03649643872367265, -0.021754132100173185, 0.013763495221639175, 0.0010718555511692203, 0.9999999999999979, -0.060712826281386446, 0.047234757516259517, 0.056328456353905446, -1.937890697869866E-4, -0.17253752232558509, -0.018629009891858114, 0.07687523189320702, -0.01037126566639092, 0.034321488174931296, 0.03633960175853631, -0.018313261310004342, 3.14834011961818E-4, 0.0026531633896311126, -0.016102067365053038, -0.00982852882763992, 0.0550737188894817, -0.009872004103638494, -0.0061903883722277805, -0.124666806826544, -0.03682514612676227, 0.01967972960602809, -0.01486192687100752, 0.04637026263549904, -0.007400348640401212, -0.006868226691254134, -0.008803409039879731, 0.06325384433829069, -0.053822429386980467, 0.01601702005188063, -0.025950457416182446, -0.17006770881246627, -0.023100844852601412, 0.07111417273108661
-0.03235624932673882, 0.006497415661458442, 0.0015165584248697484, 0.010778034049046476, 0.008567536703737876, -0.006384773559408918, 0.014807557947753914, -0.05424350358567957, -0.033184383103829956, 0.04354710102896596, 0.03387015705798217, 0.04201802460351442, -0.16737576535192641, -3.592757446345516E-4, 0.03884386494186907, -0.03980241190223383, -0.060712826281386446, 0.9999999999999979, -0.0059125980358133165, -0.16517311994879944, 0.011083587867965454, 0.10772528476247985, -0.021308883436948495, -0.037655472132409856, 0.020167496632136406, 0.05813343578388814, -0.03782277583397888, -0.12231043417735199, 0.014436968695474709, -0.01850488941405708, 1.4448874212059739E-4, -0.03566961436335379, -0.16924943133296227, -0.0011202632604211755, 0.038000494462917735, 0.009452656575734329, -0.030512389334898346, 0.008577798358847994, 0.07206699553030532, 0.03131578340920137, -0.062358098499747584, 0.027377883808898804, 0.002070744932886322, -0.01920519706722211, -0.006003654557721972, 0.003174953334191729, 0.0037874154373161565, 0.10638456428972622, -0.01095740027506906, -0.01825663453054911
0.05323608099891292, 0.0072932715935619405, -0.020143469888249395, -0.01229156306605983, -0.01866196408224023, -0.016194527971305796, 0.01100883513102074, -0.04542884709541269, 0.0029294954805331864, -0.027566086788515298, -0.02834516142734583, -0.013654235765968857, 0.02433393083545787, -0.032222081097186314, 0.002600293580078394, -0.012392546959315761, 0.047234757516259517, -0.0059125980358133165, 0.9999999999999979, 0.05729802998442998, 0.005449723327608461, -0.016970301049938605, 9.401890739450467E-4, 0.019052199547537566, -0.050956235511001015, -9.767128488320637E-4, 0.032239955534133856, -0.09840236668625117, 0.02442550341020705, 0.04275069160642792, -0.0013595498287759264, -0.002496078568467763, 0.05204235922467943, -0.017831803082930548, -0.0194095690362239, 0.0061084221321294745, 0.008067841675665311, -0.02222550742666848, 0.015716639394298782, 0.04018490917278665, -0.032253575170367206, -0.0024507972712286075, -0.0028104338418416634, 0.060371809951060194, -0.004976182420683185, 0.004196349042421985, -0.020590402813320478, -0.20375045649414109, 0.006955013879449083, 0.14219814040576448
0.06160494853222998, -2.0247459940606283E-5, -0.00574793857862651, -0.027419930302434756, -0.015133502117726712, -0.015700057396813384, 0.006702172872937256, 0.02942353735692437, 0.009281113594049454, -0.13600385950149962, -0.028034838747916565, -0.02161853494963992, 0.06485798793929964, -0.06727587748631601, 0.028477887870308027, -0.006094537678968309, 0.056328456353905446, -0.16517311994879944, 0.05729802998442998, 0.9999999999999979, -0.004599870440842429, -0.05290515960745894, 0.016284631035205072, 0.060553253390098684, -4.1695093652291685E-5, -0.028570974579527713, 0.041593055041976655, -0.028331648708129663, 2.108982617866465E-4, 0.05140402923007766, -0.006674056505991976, 0.006517929075331886, 0.09704025894072431, -0.022689043375450926, -0.03199620477007461, 0.012446454556628496, 0.03754610642256443, -0.016232597445178992, -0.012178640840275442, 0.027881049913356805, -0.023683289493128503, -0.002788994733396541, -0.01168967573084008, 0.06314379910348912, -0.002739107110226917, 4.069433007587495E-4, -0.007682755935014677, -0.2115755224656578, 0.013451053931833375, 0.08091264721446638
-0.004423393439711976, -0.10504586629316004, 0.017067229157576, -0.021356796134082083, -0.0076999977296141175, -1.7288146853150426E-5, 0.01862573388983978, -0.012703358959656082, 0.012485440898952328, 0.0190945927671141, -0.006926730261653726, -0.021910438512017846, -0.009037005855701748, 0.002571141052757119, -0.0017327550706791965, -0.006650753019916945, -1.937890697869866E-4, 0.011083587867965454, 0.005449723327608461, -0.004599870440842429, 0.9999999999999979, 0.007873299560561051, 0.019944830210177247, 0.01516100453482701, -0.0022582430330845304, -0.014863683396324247, -0.161764736711953, -0.008308973207506822, 0.051941911868323344, 7.779290584007517E-4, 0.007416316953851524, -0.013417075766980896, -0.009872755203835355, 0.015726432935163712, 0.006687885598189495, 0.03187758769408091, -0.01383402774893219, -0.08582462352130221, 0.018624204864099454, -0.04013054910810455, -0.020286473852754724, -0.00634812852749964, 0.07546269495378564, 0.0013306585595441725, 0.10378413701596904, -0.039178151065726745, 0.011651481053640942, 0.004646819604765861, 0.026239135811646424, 0.012949576632658279
-0.07560672506887972, -0.001490915272431511, 0.015249467153783168, 0.011662913227376783, 0.013484972490599635, 0.011942417609145897, -0.024822741188678266, -0.16841531984152308, -0.019258438264874982, 0.02736752331381156, 0.02149899622851167, 0.009891272108571929, -0.052108976419011965, 0.015963548900914087, 0.019464070883389407, -0.012421132202495454, -0.17253752232558509, 0.10772528476247985, -0.016970301049938605, -0.05290515960745894, 0.007873299560561051, 0.9999999999999979, -0.002401712825640684, -0.036845113052981764, 0.02592653024504874, 0.009333017114774293, -0.014170154191942657, 0.04612622635170481, -8.526530142892931E-4, -0.028813183386231497, 4.483777326996233E-4, -0.0028564072502088975, -0.07323054132751618, 0.0289682657423075, 0.04078679787268026, 0.01061130950462586, -0.012005149462106686, -6.556504705550748E-5, 0.011210118098451443, -0.02051420756100879, 0.00572779728320853, 0.0073887276104633364, 0.024241322086186328, -0.021909252572302838, 0.010264178132612514, -0.007751684680254741, 0.008543542784489063, 0.12090171740624485, -0.009009067647694729, -0.08845534971113625
0.011673994164146734, -0.007752971919978599, 0.007642823537264654, 0.053030715127720125, -0.009813703370238434, 0.04022572520469271, 0.009098817878432813, -0.017216489852704225, -0.00941159816177324, -0.023345810924336095, -0.029416360191247406, -0.08142519768484176, 0.012275763414888076, 0.030215828343354286, -0.008579353314953584, 0.0172157846454623, -0.018629009891858114, -0.021308883436948495, 9.401890739450467E-4, 0.016284631035205072, 0.019944830210177247, -0.002401712825640684, 0.9999999999999979, 0.00860212211962764, -0.00796977448951541, -0.008306597619605477, 0.004110336906284963, 0.001025705979620543, 0.024287893064227056, 0.07104830317846264, 0.019215726269613227, 0.010250276693602726, 0.09803821296561924, 6.040688428053028E-4, -0.011626532994258545, 0.02163079088596475, 0.015078334308882859, -0.10731347338571534, 0.014119657766070347, -0.03078668753218486, 0.008278987939589106, -0.015698231497722235, 0.01984655453341518, -0.15646059796516792, 0.06560371777116504, -0.031249736948430747, 0.01228425327424882, 0.0034649264875688604, 0.015850206096974274, -0.005806370455691696
0.03951575608633791, -0.00843246122249146, -0.02170336979024413, -0.01784695569206217, -0.009418515699597117, -0.005472281682139934, 6.290173820228349E-4, 0.01300502042893259, 0.01344171708915692, -0.01912685868764557, -0.016475810430024253, -0.011934207789499374, 0.023811471082574684, -0.006864865970812576, -5.108197487361902E-4, -0.017051260808117284, 0.07687523189320702, -0.037655472132409856, 0.019052199547537566, 0.060553253390098684, 0.01516100453482701, -0.036845113052981764, 0.00860212211962764, 0.9999999999999979, -0.022873409466044898, -0.006863613561888309, 0.02197037265045258, -0.020305592306785022, 0.013106049088275082, 0.015345836097192287, -0.004212051421715239, 0.00858255562421672, 0.06361400678685841, -0.039889487163665596, -0.012998041567922591, 8.75901272651248E-4, -0.0038699145880680265, -0.01186608036629484, 0.1575957550968923, 0.056889707279154614, -0.12730921502789638, -0.006440662866102978, -0.0034372744138231287, 0.048629772774370625, -0.01876352471737027, 0.012648821579232096, -0.00472119351300776, -0.14496367851391934, 0.0034012338625189287, 0.09020533339964995
-0.025972544137711672, 0.014219505663683867, 0.00995341541733575, 0.031245548311013376, 0.0054771877228031425, -0.004255718551778086, -0.004185034445781997, -0.0012359133180663785, 0.0023389369487238814, 0.003510383012324294, 0.029500343612320346, -0.0011882008333020163, -0.1674854877235377, -0.04462590606841977, 0.025142339386875538, 0.0016949035010313891, -0.01037126566639092, 0.020167496632136406, -0.050956235511001015, -4.1695093652291685E-5, -0.0022582430330845304, 0.02592653024504874, -0.00796977448951541, -0.022873409466044898, 0.9999999999999979, 0.005581130161133749, 0.005721515803579579, 0.036182616361458454, -0.22256790694064396, -0.029480739350335048, -0.012398434302782835, -0.07120902088966212, -0.016539955093506822, 0.04301396039517193, 0.02693093597083118, -0.009097501334018532, -0.005802199743322876, 0.06792087529022418, -0.02164516037405234, -0.003245901025715547, 0.01692192825202968, 0.013148030592099468, -0.017018127369171902, -0.025098243770717097, -0.03315730910992709, 0.04062459367838155, -0.05881863044440612, 0.0662579892191321, -0.00836287612101671, -0.1123807515172925
-0.003968774957505674, 0.07748706114235694, 6.237048995472641E-4, -0.00863614521715706, 0.0063567701801328915, -0.009414826025050354, -0.011145596164593439, -0.012182505914884229, -0.11460422884553685, 0.0060553037522012975, 0.010711835531857304, 0.020966279703322262, -0.020352418007237597, 0.007206899586432496, 0.03680971114603356, -0.0194013782426015, 0.034321488174931296, 0.05813343578388814, -9.767128488320637E-4, -0.028570974579527713, -0.014863683396324247, 0.009333017114774293, -0.008306597619605477, -0.006863613561888309, 0.005581130161133749, 0.9999999999999979, 0.009168638133896515, -0.0012947457767913994, 0.001130426602351019, -0.001612215130614112, 0.009048984813792429, -0.07532695373510592, -0.0330018765370643, 0.008872528085817264, 0.01634324224213103, -0.19860884001208848, -0.01813077990654543, 0.036612219386622145, -0.002031542745699699, 0.030641640716351684, 0.020764668539962262, 0.015099195391230674, -0.00438573553517591, 0.005319819098497841, -0.014782441986329605, 0.004524658375537313, -0.011555852219360048, 0.0010974911948843584, -0.18206049531281696, -0.007032102908094606
0.026490175631779404, 0.06143874623133104, -0.028366600935707368, -9.118352950754328E-5, -0.008282516451223378, 0.023501504513477614, -0.07953670129361193, 0.017674616158570192, 0.005764637356777145, -0.017276931132531245, -0.010821971557999435, 0.006949222752684134, 0.029319365701398384, -1.7227216276154004E-4, -0.001167749426846372, -0.009350815832734644, 0.03633960175853631, -0.03782277583397888, 0.032239955534133856, 0.041593055041976655, -0.161764736711953, -0.014170154191942657, 0.004110336906284963, 0.02197037265045258, 0.005721515803579579, 0.009168638133896515, 0.9999999999999979, 0.03939778562628178, -0.012708159874303746, 0.050028426408640254, 0.010923301123504205, 0.006170771531930636, 0.06652645299220984, -0.006681680939111799, -0.017284944540267258, -0.018674405354044143, 0.014122342831355538, 0.03234892864729244, -0.01472055722690133, 0.07427439428640871, 6.258420753032689E-4, -0.00801857030598948, -0.18874740769408294, 0.018530250221784474, -0.0711074231091156, 0.022469127814106957, -0.04497719290063631, -0.1731675478835572, -0.029524707415355213, -0.04290148082731486
-0.08106091872938838, 0.02236746822105215, 0.02048126336917871, -0.004742002902848566, 0.025970675840389115, 0.03663498294843726, -0.13648895094572303, -0.006901867435106946, -0.02709684366541205, 0.031131766719363237, 0.03143390158988416, 0.027557027082329, -0.019656243275650763, 0.036054088439037596, 0.023564228329544287, -2.3460785716907347E-4, -0.018313261310004342, -0.12231043417735199, -0.09840236668625117, -0.028331648708129663, -0.008308973207506822, 0.04612622635170481, 0.001025705979620543, -0.020305592306785022, 0.036182616361458454, -0.0012947457767913994, 0.03939778562628178, 0.9999999999999979, -0.0027171957568529184, -0.07512924170511434, 0.03256171779683426, -0.0019215022001648216, -0.0322467623885061, 0.03748692381935334, 0.021947005638229905, -0.009071305674609327, -0.016048809827801897, 0.011839518148097684, -0.056430286963910184, -0.014842188020572362, 0.08956846158112151, -0.031449328912079716, -6.106795942053537E-4, -0.047573133507948714, -0.014346707422057988, 0.007900996318262047, -0.003819704312232395, 0.10676277804499988, -0.028721476550001655, -0.16160998491374876
0.001443270243932333, -0.03570009105897891, -0.0019433238636610347, -0.053715371945580216, -0.013715889143659505, 0.020197483066357984, -0.0413041893630864, -0.04206911635622235, -0.03881138956012668, 0.020391167855559205, 0.002406869350196803, 0.031479594572714334, 0.001445480358714548, 0.010885370249071073, -8.490638369322321E-4, -0.012142335811935346, 3.14834011961818E-4, 0.014436968695474709, 0.02442550341020705, 2.108982617866465E-4, 0.051941911868323344, -8.526530142892931E-4, 0.024287893064227056, 0.013106049088275082, -0.22256790694064396, 0.001130426602351019, -0.012708159874303746, -0.0027171957568529184, 0.9999999999999979, 0.014107782915251934, 0.10352322861892246, 0.011665133671182895, -0.06805173065291444, -0.027540400416082016, -0.003181749465543944, 0.02946604841460056, -0.01004990819929884, -0.251100418200953, 0.0347095285621756, -7.844796256766997E-4, -0.028976684811772565, -0.00584845045336681, 0.04692987324867336, 0.005973782368482595, 0.10273638775839558, -0.05090826646882349, 0.03131163190079422, -0.004265050487836026, 0.0298375191353431, 0.024528475138360314
0.0989727303320807, -0.005016926033577975, -0.027971768829307162, -0.004502373089596398, -0.1009385234430735, -0.005027869221309287, 0.018547535334843355, 0.011470688847803693, 0.013368039040646294, -0.03606436994530221, 0.006748432543825945, -0.020651728120619023, 0.07051356475788587, -0.023060791232402202, -0.038887076113557795, 0.023754082114700523, 0.0026531633896311126, -0.01850488941405708, 0.04275069160642792, 0.05140402923007766, 7.779290584007517E-4, -0.028813183386231497, 0.07104830317846264, 0.015345836097192287, -0.029480739350335048, -0.001612215130614112, 0.050028426408640254, -0.07512924170511434, 0.014107782915251934, 0.9999999999999979, 0.0019536923021732933, 0.0030421558055622085, 0.06384187755095622, -0.020520662886553607, -0.06562426364106733, 0.048618365750022964, 0.05149538993549483, -0.031158333653136788, 0.029131972820882396, 0.03604652165872216, -0.029107605830536995, 5.809115780728009E-4, -0.016440632302629092, 0.048750231944929646, 0.0021262711449285747, -0.009372274605245652, 0.01294073089623543, -0.1940612913114311, 0.00473221255868093, 0.05947416860270479
-0.002937304899264862, 0.04135196505901256, 7.123584417162502E-4, -0.009381373919235922, -0.003551179578549306, 0.013287761944236929, -0.18512961254545415, -0.0156062472438214, -0.13972515206646416, 0.015660029858760145, 0.0052681504623530795, 0.06730257844596, -0.035678477796305015, -0.0010920278157142914, 0.020604282692907042, -0.02026122917760312, -0.016102067365053038, 1.4448874212059739E-4, -0.0013595498287759264, -0.006674056505991976, 0.007416316953851524, 4.483777326996233E-4, 0.019215726269613227, -0.004212051421715239, -0.012398434302782835, 0.009048984813792429, 0.010923301123504205, 0.03256171779683426, 0.10352322861892246, 0.0019536923021732933, 0.9999999999999979, -0.007316022154925674, -0.02495572901594279, 0.006411632651496262, 0.010756146714213379, 0.020878091524773632, -0.007037106740667743, -0.15961721409194385, 0.0078379110842991, 0.016705809036787974, -0.01593570728463475, -0.0048293725763089435, 0.022398430770050996, -0.0010588117429718253, 0.04207066611298262, -0.00712578040685506, 0.0034526267443375073, 0.00974924758081603, 0.007592308452854843, -0.00799951596758526
-0.020263548753536472, -0.014536650370691094, -3.758178381533974E-4, 0.02866943119203439, 0.007516276634042211, 0.01248403986322465, 0.004239552104019483, 0.005960098690887208, 0.01590815670054452, -0.030918334163892496, -0.015776452771368663, -0.013696484196096776, 0.029886434912146535, 0.007364376401532666, -0.005994215501385605, 0.027355567601021254, -0.00982852882763992, -0.03566961436335379, -0.002496078568467763, 0.006517929075331886, -0.013417075766980896, -0.0028564072502088975, 0.010250276693602726, 0.00858255562421672, -0.07120902088966212, -0.07532695373510592, 0.006170771531930636, -0.0019215022001648216, 0.011665133671182895, 0.0030421558055622085, -0.007316022154925674, 0.9999999999999979, 0.01776765075880084, -0.023397545795714028, 0.0033254610800171032, 0.02031073610478493, 0.021438875446895697, -0.012671910425273856, 0.01443106432853042, -0.00864421567487207, -0.025227239362583757, -0.010316534590158355, 0.0036939959231700836, -0.04223168042320566, 0.008390376886885542, -0.013934233164518514, -9.157168804905058E-4, 0.0021639761851870746, 0.06136535473877994, -7.266954735484421E-4
0.08577354879629573, 0.009080480179030423, -0.015586451761716625, 0.024833072493194316, -0.018068742975518817, -0.008684574388812477, 0.046539276410270766, 0.03974953512203054, 0.0348829058629387, -0.06975740115362573, -0.15736831307407073, -0.23233129234509564, 0.15634679218191977, -0.018223839812055498, -0.035312608770875054, 0.018305476321647973, 0.0550737188894817, -0.16924943133296227, 0.05204235922467943, 0.09704025894072431, -0.009872755203835355, -0.07323054132751618, 0.09803821296561924, 0.06361400678685841, -0.016539955093506822, -0.0330018765370643, 0.06652645299220984, -0.0322467623885061, -0.06805173065291444, 0.06384187755095622, -0.02495572901594279, 0.01776765075880084, 0.9999999999999979, -0.016423783840329532, -0.08295050800719268, 0.00835086516260362, 0.0399876696778472, -0.010848681011219273, -0.024152418673063183, -0.037895439957325125, 0.0066755118846131304, -0.13154289308585623, -0.018345070327655238, 0.045578693558232374, 0.011281220107074207, -0.005816777175484811, -0.025436391064806798, -0.25197789023266715, 0.02050281178167817, 0.08884187489702164
-0.032077821373843095, 0.007648995371582869, 0.024197853406204617, 0.012419052858117074, 0.0335771773248859, 0.012409551274612086, -9.823338223623845E-4, -0.0265177929492872, -0.0035073569302371183, 0.004008524573585308, 0.06848843878963405, 3.3879271291646905E-4, -0.023285896584352296, -0.01156698785238115, 0.012588966913607906, -0.0029268355292120934, -0.009872004103638494, -0.0011202632604211755, -0.017831803082930548, -0.022689043375450926, 0.015726432935163712, 0.0289682657423075, 6.040688428053028E-4, -0.039889487163665596, 0.04301396039517193, 0.008872528085817264, -0.006681680939111799, 0.03748692381935334, -0.027540400416082016, -0.020520662886553607, 0.006411632651496262, -0.023397545795714028, -0.016423783840329532, 0.9999999999999979, 0.027062932056076596, -0.022437932413460683, -0.0047968684175672014, 0.013643750968084704, -0.05481370473376518, -0.023661382360805658, 0.03809630808654025, 0.00469087138274209, 0.01248516382104745, -0.03373866834881651, 0.06049445357725067, -0.01410239498707786, -0.0027119155812884996, 0.044523328731636884, -0.01589775331234722, -0.05158385729696428
-0.08229730162100732, 0.011180857341023356, 0.13156997793083214, 0.009426022812594699, 0.030779188388112375, 0.005136798176217038, -0.03200768817634131, -0.03236387283364932, -0.02561927327485083, 0.06512300083455301, 0.022900356223075603, 0.03176064724378055, -0.07814317851020343, 0.02084932741698735, 0.08571510424621306, -0.05019274021526297, -0.0061903883722277805, 0.038000494462917735, -0.0194095690362239, -0.03199620477007461, 0.006687885598189495, 0.04078679787268026, -0.011626532994258545, -0.012998041567922591, 0.02693093597083118, 0.01634324224213103, -0.017284944540267258, 0.021947005638229905, -0.003181749465543944, -0.06562426364106733, 0.010756146714213379, 0.0033254610800171032, -0.08295050800719268, 0.027062932056076596, 0.9999999999999979, -0.008553708344713633, -0.27199109359726414, 0.0062985235430963816, -0.001503737007687933, -0.01420150046382331, 0.005917074436262224, 0.07873384715400458, 0.00810384737907956, -0.041389783752296044, 0.0027462208013962035, 0.007836263882441609, 0.005101928766329743, 0.08960759208619302, -0.019829882744444544, -0.03667691328795207
0.016923031915349555, -0.10999573142591172, 0.0017027037697337195, 0.02256597173732216, -0.027569008279358882, 0.01994367422837158, 0.01185005358425779, -0.012192316008377193, 0.04295382899344991, -0.003939766360643197, -8.813221039733784E-7, -0.017171654055932812, 0.006168331473481152, -0.005856054152523974, -0.05179508135444994, 0.010202104567749448, -0.124666806826544, 0.009452656575734329, 0.0061084221321294745, 0.012446454556628496, 0.03187758769408091, 0.01061130950462586, 0.02163079088596475, 8.75901272651248E-4, -0.009097501334018532, -0.19860884001208848, -0.018674405354044143, -0.009071305674609327, 0.02946604841460056, 0.048618365750022964, 0.020878091524773632, 0.02031073610478493, 0.00835086516260362, -0.022437932413460683, -0.008553708344713633, 0.9999999999999979, 0.015610785716012225, -0.16029312111911287, 0.010996882524448862, -0.024076095617705188, -0.023965486738429242, -0.01799340697918842, 0.008806667979981102, -0.013811074757566, 0.05098105508195018, -0.015617741793481542, 0.01721438750815891, 0.00661912679406545, 0.07512871468464599, 0.01239965672473328
